2
10
18
22
32
35
53
59
52
74
86
94
90
104
123
114
138
149
137
177
170
169
193
207
241
218
218
278
281
263
308
325
350
331
374
402
459
513
525
504
590
636
652
645
682
714
752
744
708
760
775
793
732
720
747
699
769
725
813
793
769
779
792
771
732
767
766
794
776
776
830
780
755
719
711
643
694
660
603
568
543
547
530
502
437
427
428
381
355
332
335
301
303
300
231
211
257
215
215
190
171
159
141
134
142
115
118
89
85
90
79
104
84
77
91
63
59
80
85
93
98
69
86
91
99
91
106
81
65
95
97
106
113
106
107
99
105
118
114
123
132
120
115
128
124
120
129
119
118
138
149
152
159
124
126
164
128
149
138
159
151
152
161
140
160
186
134
169
157
186
184
186
175
175
195
202
207
231
203
201
251
266
245
250
279
284
283
286
353
349
354
385
386
429
508
482
513
549
625
690
783
718
788
835
903
989
968
972
1030
1072
1129
1188
1157
1171
1340
1350
1385
1546
1795
2027
2461
2707
3219
3850
4174
4677
5097
5482
5690
5862
5982
5767
5777
5621
5492
5123
4997
4878
4976
4949
4938
5024
5133
5319
5352
5548
5809
5948
6345
6658
6655
6385
5152
3583
1867
388
